230668665772
230668669772
230668619772
230668569772
230668525772
230668481772
230668431772
230668935772
230668935772
230668885772
230668835772
230668785772
230668735772
230668705772
230668663772
230668613772
230668563772
230668513772
230668463772
230668413772
230668369772
230668319772
230668269772
230668219772
230668209772
230668159772
230668234772
230668324772
230668274772
230668224772
230669626772
230669586772
230669536772
230669486772
230669436772
230669386772
230669348772
230669298772
230669274772
230669224772
230669174772
230669124772
230669074772
230669044772
230669204772
230669204772
400000
230669604772
230669554772
230669564772
230669514772
230669464772
230669812772
230669780772
230669730772
230669680772
230669630772
230669580772
230669530772
230669480772
230669442772
230669396772
230669346772
230669296772
230669256772
230669346772
230669300772
230669250772
230669206772
230669156772
230669106772
230669056772
230669006772
230668956772
230668910772
230668860772
230668822772
230668772772
230668722772
230668678772
230668636772
230668586772
230668536772
230668486772
230668436772
230668386772
230668386772
230668336772
230668286772
230668236772
230668186772
230668148772
230668202772
230668152772
230668102772
230668052772
230668002772
230667952772
230668150772
230668104772
400000
20000
81000
256000
318000
800000
808000
824000
858000
2452000
2454000
230670908772
230670864772
230670814772
230670764772
230671782772
230671732772
230671682772
230671632772
230671584772
230671534772
230671496772
230671446772
230671448772
230671398772
230671348772
230671298772
230671248772
230671204772
230671154772
230671104772
230671054772
230671004772
230670966772
230670916772
230670866772
230670816772
230670766772
230670761772
230670711772
230670661772
230670635772
230670585772
230670535772
230670487772
230670437772
230670402772
230670352772
230670302772
230670254772
230670204772
230670196772
230670146772
230670096772
230670060772
230670026772
230669976772
230669932772
230669886772
230669840772
230669790772
230669740772
230669690772
230669640772
230669590772
230669540772
230669490772
230669444772
230669394772
230669346772
230669316772
230669266772
230669222772
230669172772
230669161772
500000




18000
625000
694000
696000
696000
696000
230670257772
230670207772
230670161772
230670121772
230670117772
230670067772
230670017772
230669967772
230669917772
230669867772
230669817772
230669769772
230669719772
230669669772
230669619772
230669571772
230669559772
230669509772
230669519772
230669469772
230669421772
230669371772
230669321772
230669271772
230669221772
230669171772
230669121772
230669479772
230669429772
230669379772
230669329772
230669279772
350000
230669629772
230669579772
230669529772
230669529772
230669479772
230669429772
230669379772
230669381772
230669331772
230669281772
230669231772
230669181772
230669135772
230669085772
230669035772
230668985772
230668935772
230668885772
230668845772
230668795772
230668775772
230668872772
230668822772
230668784772
230668784772
230668740772
230668692772
230668710772
230668660772
230668610772
230668564772
230668542772
230668492772
230668456772
230668406772
230668520772
230668472772
230668430772
230668380772
230668330772
230668280772
230668230772
230668244772
230668194772
230668144772
230668094772
230668044772
230667994772
250000
2000
26000
120000
120000
122000
136000
140000
154000
174000
216000
230668410772
230668360772
230668972772
230668944772
230668896772
230668846772
230668796772
230668758772
230668708772
230668658772
230668608772
230668558772
230668516772
230668841772
230668791772
230668741772
230668701772
230668663772
230668613772
230668563772
230668653772
230668611772
230668561772
230668511772
230668469772
230668419772
230668439772
230668409772
230668363772
230668355772
230668317772
230668267772
230668217772
230668249772
230668211772
230668161772
230668431772
230668389772
230668363772
230668313772
230668263772
230668213772
230668199772
230668169772
230668119772
230668201772
230668151772
230668101772
230668065772
230668015772
230667975772
230667925772
300000
50000
252000
254000
256000
308000
418000
418000
418000
659436
662000
230668837772
230668787772
230668971772
230668921772
230668881772
230668837772
230668827772
230668777772
230668727772
230668681772
230668631772
230669111772
230669061772
230669011772
230669021772
230668971772
230668921772
230668903772
230668857772
230668817772
230668767772
230668717772
230668671772
230668621772
230668601772
230668551772
230668662772
230668616772
230668566772
230668516772
230668466772
230668416772
230668366772
230668352772
230668358772
230668308772
230668258772
230668208772
230668158772
230668108772
230668058772
230668014772
230667964772
230668034772
230667984772
230667934772
230667886772
230667846772
230667796772
230667746772
230667720772
230667670772
230667624772
230667580772
230667530772
230667480772
230667430772
230667470772
230667430772
230667384772
230667334772
230667284772
230667234772
230667184772
230667134772
230667084772
230667034772
230666984772
230666984772
230666938772
230666888772
230666838772
230666788772
230666738772
230666688772
230666638772
230666590772
230666544772
230666494772
230666446772
230666396772
230666449772
230666463772
230666413772
230666363772
230666345772
230666295772
230666245772
230666235772
230666185772
230666135772
230666085772
230666035772
230665985772
230666009772
230666227772
230666177772
230666133772
230666089772
230666039772
230666151772
230666101772
230666051772
230666003772
230665977772
230665927772
230666169772
230666221772
230666171772
230666121772
230666107772
230666057772
230666014772
230665984772
230665972772
230665922772
230665898772
230665848772
230665798772
230665748772
230665698772
230665648772
230665598772
230665548772
230665498772
230665524772
230665490772
230665444772
230665436772
230665386772
230665356772
230665325772
230665331772
230665281772
230665231772
230665181772
230665131772
230665081772
230665031772
230664981772
230664933772
230664389772
230664839772
230664789772
230664739772
230664689772
230664645772
230664595772
230664545772
230664495772
230664445772
230664395772
230664345772
230664295772
230664247772
230664197772
230664157772
230664109772
230664111772
230664221772
230664171772
230664157772
230664107772
230664207772
230664163772
230664683772
230664663772
230664613772
230664571772
230664521772
230664679772
230664629772
230664579772
230664529772
230664489772
230664443772
230664425772
230664375772
230664327772
230664279772
230664229772
230664179772
230664135772
230664085772
230664035772
230663985772
230663935772
230663895772
230663855772
230663843772
230663793772
230663765772
230663715772
230663665772
230663621772
230663571772
230663533772
230663483772
230663445772
230663395772
230663349772
230663349772
230663299772
230663289772
230663239772
230663189772
230663139772
230663089772
230663039772
230662989772
230662939772
230662889772
230662839772
230662791772
230662741772
230662731772
230662681772
230662909772
230662859772
230662903772
230662853772
230662803772
230662753772
230662853772
230662803772
230662755772
230662705772
230662657772
230662607772
230662557772
230662507772
230662461772
230662426772
230662378772
230662340772
230662301772
230662261772
230662211772
230662161772
230662111772
230662063772
230662013772
230661963772
230661947772
230661899772
230661849772
230661861772
230661815772
230661797772
230661785772
230661735772
230661685772
230661635772
230661595772
230661549772
230661499772
230661449772
230661399772
230661349772
230661349772
230661299772
230661249772
230661199772
230661149772
230661101772
230661051772
230661001772
230661085772
230661035772
230661175772
230661127772
230661081772
230661052772
230661002772
230660984772
230660934772
230660884772
230660834772
230660784772
230660734772
230660694772
230660644772
230660594772
230660582772
230660532772
230660486772
230660442772
230660410772
230660360772
230660314772
230660264772
230660214772
230660189772
230660139772
230660109772
230660059772
230660057772
230660071772
230660171772
230660121772
230660071772
230660023772
230659973772
230659929772
230659899772
230659849772
230659799772
230659749772
230659703772
230659805772
230659755772
230659715772
230659667772
500000

8000
28000
28000
30000
274000
574000
580000
580000
614000
230660731772
230660743772
230660767772
230660717772
230660667772
230660645772
230660601772
230660617772
230660588772
230660548772
230660498772
230660448772
230660413772
230660386772
230660338772
230660426772
230660376772
230660326772
230660276772
230660253772
230660203772
230660153772
230660165772
230660123772
230660073772
230660029772
230660018772
230659968772
230659938772
230659888772
230659842772
230659802772

250000


15000
57000
57000
57000
198021
1129000
1129000
1129000
230661087772
230661039772
230660999772
230660973772
230660923772
230660873772
230660823772
230660773772
230660723772
230660673772
230660623772
230660573772
450000
104000
152000
154000
154000
154000
174000
204000
204000
204000
204000
230661139772
350000
230661489772
230661439772
230661399772
230661349772
230661299772
230661443772
230661393772
230661399772
230661349772
230661299772
230661249772
230661201772
230661201772
230661211772
230661161772
230661111772
230661061772
230661011772
230661051772
230661011772
230660961772
230660921772
230660873772
230660825772
230660775772
230660743772
230660693772
230660729772
230660709772
230660659772
230660689772
230660639772
230660589772
230660539772
230660489772
230660459772
230660409772
230660385772
230660335772
230660285772
230660241772
230660191772
230660141772
230660093772
230660043772
230659993772
230659968772
230659924772
230660116772
230660210772
230660160772
230660110772
230660064772
230660014772
230659964772
230659933772
230659907772
230659857772
230659941772
230659897772
230659847772
230659797772
230659747772
230659697772
230659881772
230659831772
230659781772
230659731772
230659681772
150000
4000
10000
90000
90000
212000
230000
238000
242000
320000
608000
230660389772
230660479772
230660429772
230660383772
230660333772
230660283772
230660233772
230660183772
230660133772
230660101772
230660051772
230660621772
230660571772
300000
2000
135000
195000
195000
195000
233656
237000
1981000
2027000
2027000
230662858772
230662808772
230662808772
230662828772
230662778772
230662728772
230662678772
230662628772
230662598772
230662548772
230662498772
230662466772
230662416772
230662374772
230662507772
230662485772
230662435772
230662465772
230662415772
230662395772
230662357772
230662319772
230662269772
230662219772
230662173772
230662131772
230662081772
230662031772
230661981772
230661950772
230662442772
230662442772
230662432772
230662382772
230662332772
230662282772
230662232772
230662182772
230662132772
230662082772
230662272772
230662232772
230662188772
230662138772
230662092772
230662042772
230661992772
230661942772
230662858772
230662808772
230662768772
230662738772
450000
230663188772
230663138772
230663088772
230663038772
230662988772
230662938772
230662888772
230662856772
230662844772
230662874772
230664106772
230664066772
230664016772
230663966772
230663916772
230663878772
230663844772
230663794772
230663782772
230663734772
230663740772
230663690772
230663650772
230663600772
230663550772
230663500772
230663454772
230663404772
230663375772
230663325772
230663275772
230663225772
230663179772
230663131772
230663095772
230663045772
230663020772
230662986772
230662940772
230662890772
450000
230664240772
230664190772
350000
230665240772
230665190772
230665140772
230665090772
230665040772
230664990772
230664940772
230665440772
230665512772
230665462772
230665412772
230665362772
230665314772
230665264772
230665214772
230665164772
230665114772
230665085772
230665075772
230665025772
230664975772
230664925772
230664379772
230664829772
230664793772
230664743772
230664693772
230665453772
230665403772
230665355772
230665305772
230665255772
230665251772
230665205772
230665155772
230665105772
230665055772
230665005772
230664975772
230664925772
230664975772
230664925772
230664875772
230664825772
230664787772
230664737772
230664707772
230664687772
230664647772
230664605772
230664567772
230664517772
230664467772
230664417772
230664367772
230664317772
230664271772
230664299772
230664255772
230664205772
230664155772
230664105772
230664055772
230664027772
230663985772
230663935772
230663885772
230663845772
230663807772
230663787772
230663737772
230663687772
230663647772
230663605772
230663565772
230663565772
230663515772
230663465772
230663427772
230663377772
230663327772
230663277772
230663397772
230663382772
230663332772
230663282772
230663232772
230663184772
230663134772
230663100772
230663050772
230663000772
230662960772
230662930772
230662880772
230662840772
230662790772
230662740772
230662710772
230662660772
230662610772
230662560772
230662510772
230662460772
230662417772
230662375772
230662329772
230662287772
230662237772
230662187772
230662143772
230662093772
230662043772
230661993772
230666293772
230666255772
230666205772
230666155772
230666105772
230666055772
230666005772
230665955772
230665905772
230665894772
230665848772
230665798772
230665772772
230665722772
230665672772
230665622772
230665572772
230665522772
230665472772
230665422772
230665372772
450000


1058872
1067000
1077000
1765000
1769000
1809000
1809000
1809000
230667531772
230667481772
230667431772
230667381772
230667331772
230667281772
230667231772
230667181772
230667131772
230667111772
230667063772
230667013772
230666973772
230666931772
230666907772
230666857772
230666807772
230666757772
230667283772
230667233772
450000
230668133772
230668083772
230668033772
230667983772
230667933772
230667889772
230667839772
230667789772
230667739772
230668859772
230668809772
230668763772
230668917772
230668879772
230668849772
230668803772
230668763772
230668715772
230669415772
230669365772
230669323772
230669273772
230669271772
230669223772
230669173772
230669131772
230669081772
230669031772
230668981772
230668931772
230668885772
230668835772
230668795772
230668745772
230668761772
230668713772
230668667772
230668617772
230668573772
230668541772
230668557772
230668507772
230668457772
230668407772
230668513772
230668463772
230668413772
230668363772
230668399772
230668349772
230668319772
230668269772
230668219772
230668169772
230668151772
230668101772
230668051772
230668001772
230668277772
230668227772
230668192772
230668142772
230668092772
230668358772
230668310772
230668260772
230668210772
230668210772
230668164772
230668114772
230668066772
230668058772
230668010772
230667970772
230667920772
230667896772
230667846772
230667796772
230667760772
230667710772
230667660772
230667612772
230667562772
230667512772
230667462772
230667490772
230667522772
230667478772
230667587772
230667539772
450000
16000
100000
108000
224000
232000
506000
525000
533000
549000
549000
230668488772
230668438772
230668422772
230668372772
230668334772
230668574772
230668564772
230668538772
230668488772
230668438772
230668388772
230668338772
230668318772
230668268772
230668218772
230668174772
230668124772
230668074772
230668024772
230667992772
230667942772
230667900772
230667850772
230667954772
230667904772
230667860772
230667822772
230667798772
230668950772
230668910772
230668862772
230668812772
230668798772
230669446772
230669398772
230669348772
230669298772
230669248772
230669198772
230669240772
230669190772
230669162772
230669112772
230669062772
230669012772
230668962772
230668918772
230668886772
230668836772
230668788772
230668750772
230668716772
230668666772
230668616772
230668581772
230668531772
230668489772
230668439772
230668399772
230668349772
230668299772
230668499772
230668449772
230668399772
230668357772
230668309772
230668259772
230668215772
230668165772
230668115772
230668203772
230668193772
230669205772
230669161772
230669115772
230669065772
230669015772
230668988772
230668938772
230668898772
230668848772
230668802772
230668752772
230668768772
230668718772
230668941772
230668891772
230668847772
230668797772
230668749772
230668759772
230668709772
230668661772
350000
230669011772
230668961772
230668911772
230668911772
230668861772
230668811772
230668763772
230668793772
230668743772
230668693772
230668643772
230668593772
230668543772
230668493772
230668443772
230668407772
230668357772
230668309772
230668259772
230668209772
230668163772
230668124772
230668488772
230668462772
230668412772
230668362772
230668333772
230668283772
230668243772
230668493772
230668443772
230668393772
230668343772
230668293772
230668247772
230668207772
230668169772
230668123772
230668077772
230668027772
230667977772
230667927772
230667877772
230667827772
230667777772
230667743772
230667693772
230667643772
230667593772
230667553772
230667503772
230667489772
230667439772
230667389772
230667359772
230667309772
230667259772
230667255772
230667223772
230667173772
230667123772
230667073772
230667027772
230666977772
230666935772
230666885772
230666835772
230666785772
230666735772
230666689772
230666639772
230666591772
230666601772
230666565772
230666515772
230666487772
230666437772
230666387772
230666343772
230666297772
230666267772
230666217772
230666167772
230666117772
230666139772
230666089772
230666039772
230666005772
230665955772
230665915772
230665865772
230665815772
230665765772
230665755772
230665705772
230665655772
230665609772
230665773772
230665723772
230665703772
230665653772
230665603772
230665565772
230665515772
230665483772
230665473772
230665423772
230665383772
230665333772
230665283772
500000

46000
86000
86000
86000
96000
96000
166000
170000
170000
230665903772
230665859772
230666007772
230666017772
230665967772
230665917772
230665871772
230665825772
230665775772
230665959772
230665909772
230665859772
230665815772
230665769772
230665719772
230665669772
230665619772
230665569772
230665579772
230665549772
230665499772
230665449772
230665399772
230665389772
230665339772
230665289772
230665241772
230665191772
230665147772
230665097772
230665047772
230664997772
230665045772
230665006772
230664956772
230664906772
230664860772
230664810772
230664760772
230664710772
230664660772
230664610772
230664560772
230664512772
230664474772
230664444772
230664394772
230664359772
230664309772
230664259772
230664209772
230664159772
230664111772
230664111772
230664131772
230664081772
230664181772
230664135772
230664085772
230664035772
230663989772
230663939772
230664245772
230664195772
230664149772
230664999772
230664051772
230664001772
230664917772
230663973772
230663923772
230664101772
230664971772
230664021772
230663971772
230663999772
230663949772
230663899772
230663849772
230663801772
230663768772
230663718772
230663668772
230663618772
230663778772
230663766772
230663716772
230663688772
230663648772
230663612772
230663566772
230663516772
230663470772
230663424772
230663374772
230663324772
230663278772
230663228772
230663178772
230663170772
230663124772
230664102772
230664052772
230664002772
230663952772
230663912772
230663862772
230663814772
230663814772
230663764772
230663714772
230663672772
230663638772
230663588772
230663538772
230663488772
230663438772
230663388772
230663338772
230663468772
230663430772
230663386772
230665676772
230665626772
230665608772
230665558772
230665510772
230665460772
230665410772
230665508772
230665504772
230665454772
230665404772
230665354772
230665308772
250000
34000
106000
358000
362000
362000
362000
604000
1142000
1157000
1157000
230669665772
230669619772
230669643772
230669593772
230669543772
230669493772
250000

20000
52000
78000
348000
356000
358000
370000
370000
688000
230670381772
230670337772
230670323772
230670275772
230670225772
230670306772
230670258772
230670208772
230670158772
230670132772
230670082772
230670042772
230669992772
230669942772
230669912772
230669878772
230669828772
230669778772
230669728772
230669678772
230669638772
230669588772
230669538772

300000


10000
10000
16000
16000
189567
2107000
2107000
2107000
230672037772
230671987772
230671937772
230671897772
230671847772
230671799772
230671749772
230671703772
230671653772
230671623772
230671573772
230671523772
230671473772
230671423772
230671393772
230671343772
230671305772
230671255772
230671223772
500000


10000
10000
10000
12000
14000
14000
14000


200000
230671837772
230671787772
230671748772
230671698772
400000

218000
218000
218000
263885
318000
318000
1118000
1242000
1242000
230673290772
230673240772
230673200772
230673150772
230673100772
230673050772
230673002772
230672958772
230672908772
230672858772
230672808772
230672760772
230672760772
230672710772
230672660772
230672610772
230672572772
230672522772
230672472772
230672424772
230672674772
230672669772
230672659772
230672659772
230672609772
230672559772
230672509772
230672459772
230672409772
230672367772
230672489772
230672439772
230672389772
230672339772
230672293772
230672243772

450000
230673597772
230673547772
230673501772
230673451772
230673447772
230673403772
230673353772
230673303772
230673253772
230673203772
230673474772
230673436772
350000
230674138772
230674988772
230674938772
230673988772
230673938772
230674139772
230674135772
230674085772
230674085772
230674035772
230673985772
230673935772
230673929772
230673879772
230673829772
230673793772
230673743772
230673693772
230673643772
230673593772
230673543772
230673493772
230673443772
230673393772
230673343772
230673293772
230673245772
230673203772
230673153772
230673153772
230673111772
230673063772
230673013772
230672963772
230672913772
230672863772
230672813772
230672763772
230672713772
230672663772
230672615772
230672565772
230672523772
230672473772
230672423772
230672379772
230672335772
230672285772
230672235772
230672235772
230672799772
230672749772
230672699772
230672649772
230672599772
230672549772
230672519772
230672469772
230672419772
230672379772
230672329772
230672281772
230672231772
230672185772
230672139772
230672141772
450000
230673491772
230673441772
230673391772
230673341772
230673291772
230673245772
230673195772
230673155772
230673107772
230673057772
230673007772
230673347772
230673297772
230673247772
230673197772
230673233772
230673187772
230673139772
230673089772
230673039772
230672989772
230672939772
230672895772
230672845772
230672805772
230672755772
230672727772
300000

4000
36000
186000
196000
196000
262000
262000
1682000
1682000
230674659772
230674609772
230674559772
230674511772
230675671772
230675621772
230675611772
230675579772
230675529772
230675491772
230675441772
230675391772
230675353772
230675305772
230675257772
230675245772
230675195772
230675145772
230675095772
230675045772
230674995772
230674945772
230674895772
230674845772
230674795772
230674765772
230674715772
230674667772
230674617772
230674567772
230674517772
230674685772
400000
230675885772
230675835772
230675785772
230675743772
230675693772
230675643772
230675608772
500000
230677108772
230677058772
350000

139000
141000
171000
191000
197000
205000
213000
213000
213000
230677571772
230677541772
230677493772
230677475772
230677425772
230677375772
230677379772
230677329772
230677279772
230677229772
230677179772
230677129772
230677079772
230677029772
230677041772
230677030772
230677006772
230677137772
230677087772
230677057772
230677007772
230676997772
230676947772
230677019772
230676969772
230676919772
230676875772
230676831772
230676781772
230676735772
230676685772
230676647772
230676601772
230676559772
230676515772
230676495772
230676447772
230676397772
230676457772
230676415772
230676365772
230676315772
230676287772
230676275772
230676225772
230676175772
230676125772
230676075772
230676025772
230675981772
230675931772
230675881772
230676027772
230675977772
230675927772
230675881772
230675857772
230675817772
230675767772
230675717772
230675681772
230675713772
230675663772
230675613772
230675563772
230675515772
230675465772
230675415772
230675365772
230675334772
230675284772
230675234772
230675184772
230675134772
230675084772
230675040772
230674990772
230674940772
230674392772
230674342772
230674792772
230674742772
230674692772
230674642772
230674592772
230674542772
230674496772
230674446772
230674406772
230674356772
230674306772
230674256772
230674206772
230674156772
230674106772
230674056772
230674906772
230673956772
450000
230675306772
230675256772
230675206772
230675192772
230675142772
230675092772
230675044772
350000
230675744772
230675694772
230675644772
230675594772
230675544772
230675504772
230675466772
230675430772
230675380772
230675330772
230675280772
230675230772
230675184772
230675156772
230675106772
230675056772
230675010772
230674984772
230674934772
230674899772
230674349772
230675327772
230675555772
230675505772
230675455772
230675405772
230675355772
230675305772
230675255772
230675217772
230675167772
230675117772
230675139772
230675089772
230675039772
230674989772
230674939772
230674895772
230674845772
230674939772
230674389772
230674339772
230674789772
230674751772
230674701772
230674651772
230674601772
230674551772
230674521772
230674481772
230674451772
230674401772
230674381772
230674337772
230674287772
230674237772
230674357772
400000
230675557772
230675507772
230675567772
230675524772
230675474772
230675424772
230675374772
230675324772
230675289772
230675239772
230675191772
230675141772
230675095772
230675045772
230674995772
230674945772
300000
230675245772
230675195772
230675153772
230675103772
230675203772
230675153772
230675105772
230675055772
230675005772
230674959772
230674909772
230675063772
450000
12000
1338000
1338000
1358000
1785000
1907000
1911000
1915000
1943000
1943000
230677406772
230677356772
230677306772
230677256772
230677206772
230677156772
230677106772
230677206772
230677216772
230677178772
230677132772
230677082772
230677038772
230676988772
230676938772
230676938772
230676910772
230676870772
230676820772
230676940772
230676890772
230676840772
230676806772
230676756772
230676706772
230676656772
230676606772
230676560772
230676541772
230676491772
230676441772
230676901772
230676851772
230676801772
230676751772
230676701772
230676651772
230676601772
230676551772
230676501772
230676451772
230676401772
230676383772
230676337772
230676287772
230676280772
230676230772
230676188772
230676142772
230676094772
230676044772
230675994772
230676150772
230676106772
230676056772
230676006772
230676042772
230676028772
230675978772
230675948772
230675906772
230675860772
230675810772
230675760772
230675710772
230675660772
230675610772
230675560772
230675510772
230675460772
230675426772
230675376772
230675326772
230675336772
230675305772
230675265772
230675215772
230675165772
230675115772
230675065772
230675019772
230674983772
230674933772
230674383772
230674333772
230674847772
230674797772
230674747772
230674717772
230674667772
230674617772
230674707772
230674929772
230674381772
230674331772
230674781772
230674731772
230674719772
230674681772
230674631772
230674587772
230674562772
230674512772
230674462772
230674412772
230674372772
230674342772
230674292772
230674242772
230674198772
230674148772
230674104772
230674056772
230674906772
230674118772
230674074772
230674924772
230673974772
230673928772
230673880772
230673830772
230673780772
230673734772
230673688772
230673638772
230673588772
230673538772
230673490772
230673440772
230673390772
230673342772
230673292772
230673242772
230673204772
230673154772
300000
54000
54000
54000
172000
206000
214000
230000
232000
358000
358000
230673762772
230673712772
230673662772
230673639772
230673589772
230673549772
230673499772
230673471772
230673441772
230673395772
230673345772
230673299772
230673271772
230673227772
230673177772
230673139772
230673101772
230673051772
230673173772
230673123772
230673103772
230673065772
230673015772
230672977772
230672969772
230672921772
230672871772
230672821772
230672771772
230672721772
230672683772
230672633772
230672625772
230672575772
230672537772
230672491772
230672441772
230672415772
230672365772
230672601772
230672551772
230672509772
230672463772
230672413772
230672371772
230672321772
230672271772
230672221772
230672171772
230672121772
230672083772
230672033772
230671983772
230671933772
230671897772
230671847772
230671797772
230671747772
230671697772
230671687772
230671637772
230671587772
230671549772
230671501772
230671479772
230671429772
230671379772
230672244772
230672194772
230672144772
230672098772
230672113772
230672063772
150000
230672213772
230672163772
230672113772
230672063772
230672031772
230671981772
230671949772
230671907772
230671865772
230671815772
230671765772
230671834772
230671840772
230671790772
230671746772
230671696772
230671646772
230671596772
230671546772
230671500772
230671590772
230671570772
230671520772
230671474772
230671424772
230671374772
230671356772
230671356772
230671306772
230671266772
230671216772
230671166772
230671116772
230671076772
230671266772
230671220772
230671180772
230671130772
230671080772
230671030772
230670990772
230670940772
230670892772
230670848772
230670814772
230670764772
230670718772
230670668772
230670790772
230670758772
230670708772
230670712772
230670662772
230670612772
230670584772
230670946772
230670896772
230670846772
230670828772
230670798772
230670758772
230670708772
230670658772
230670608772
230670558772
230670510772
230670472772
230670422772
230670428772
230670378772
230670328772
230670278772
230670232772
230670184772
230670138772
230670088772
230670038772
230670063772
230670013772
230669979772
230669933772
230669883772
230669875772
230669835772
230669785772
230669735772
230669685772
230669635772
230669585772
230669535772
230669485772
230669447772
230669397772
230669383772
230669333772
230669283772
230669233772
230669183772
250000
230669433772
230669383772
230669333772
230669283772
230669239772
230669189772
230669265772
230669219772
230669175772
230669125772
230669233772
230669183772
230669215772
230669165772
230669115772
230669065772
230669015772
230668971772
230668941772
230668897772
230668847772
230668797772
230669115772
230669067772
230669045772
230668995772
230668959772
230668957772
230668907772
230668861772
230668817772
230668767772
230668717772
230668691772
230668721772
230668680772
230668630772
230668584772
230668544772
230668510772
230668605772
230668555772
230668523772
230668523772
230668473772
230668523772
230668493772
230668443772
230668409772
230668359772
230668309772
230668265772
230668215772
230668180772
230668180772
230668130772
230668080772
230668054772
230668004772
230667968772
230667920772
230667870772
230667820772
230667770772
230667722772
230669170772
230669124772
230669074772
230669026772
230669068772
230669018772
230668968772
230668918772
230668938772
230668888772'
230668878772
230668828772
230668788772
230668740772
230668690772
230668640772
230668590772
230668540772
230668490772
230668440772
230668406772
230668356772
230668306772
230668256772
230668206772
230668156772
230668122772
230668072772
230668024772
230667974772
230667932772
230667882772
230667832772
230667782772
230667732772
230667682772
230667632772
230667582772
230667536772
230667486772
400000
19000
34000
346000
350000
354000
354000
354000
362000
442000
442000
230668228772
230668187772
230668137772
230668087772
230668037772
230667993772
230667949772
230667899772
230667853772
230667815772
230667765772
230667719772
230667669772
230667619772
230667569772
230667519772
230667469772
230667419772
230667369772
230667325772
230667285772
230667235772
230667241772
230667193772
230667143772
230667093772
230667047772
230667337772
230667287772
230667237772
230667269772
230667225772
230667175772
230667125772
230667075772
230667027772
230666977772
230666927772
230666906772
230666856772
230666806772
230666756772
230666706772
230666656772
230666606772
230666568772
230666524772
230666530772
230666480772
230666440772
230666390772
230666352772
230666302772
230666252772
230666202772
230666152772
230666646772
230666596772
230666558772
230666508772
250000
230667010772
230666960772
230666910772
230666868772
230666924772
230666928772
230666878772
230666828772
230666801772
230666751772
230666715772
230666697772
230666647772
230666597772
400000
345000
397000
437000
437000
445000
449000
499000
503000
539000
539000
230667486772
230667436772
230667386772
230667386772
230667336772
230667294772
230667244772
230667194772
230667168772
230667118772
230667068772
230667024772
230666974772
230666924772
230666892772
230666842772
230666792772
230666810772
230666770772
230666720772
230666670772
230666620772
230666633772
230666591772
230666541772
230666495772
230666449772
230666399772
230666712772
230666698772
230666648772
230666600772
230666562772
230666512772
230666462772
230666412772
230666362772
230666312772
230666278772
230666228772
230666192772
230666196772
230666146772
230666100772
230666050772
230666000772
230665992772
230665942772
230665892772
230665842772
230665792772
230665742772
230665692772
230665642772
230665592772
230665542772
230665492772
230665442772
230665406772
230665358772
230665310772
230665459772
230665409772
230665359772
230665309772
230665277772
230665233772
230665183772
230665233772
230665253772
230665203772
230665153772
230665103772
230665053772
230665003772
230664953772
230664903772
230664853772
230664803772
230664783772
230665573772
230665523772
230665473772
230665461772
230665431772
230665381772
230665331772
230665281772
230665231772
230667371772
230667321772
230667271772
230667221772
230667183772
230667133772
230667083772
230667033772
230666983772
230666941772
230666899772
230666849772
230666799772
230666761772
230666711772
230666661772
230666611772
230668011772
230667969772
230667925772
230667877772
230667827772
230667802772
230667954772
230669114772
230669121772
230669071772
230669021772
230668971772
230668941772
230668903772
230668883772
230668867772
230668817772
230668767772
230668717772
230668667772
230668617772
230668567772
230668517772
230668930772
230668880772'
230669030772
230668986772
230668952772
230668902772
230668852772
230668802772
230668904772
230668854772
230668804772
230668754772
230668706772
230668658772
230668612772
230668562772
230668512772
230668462772
230668412772
230668362772
230668332772
230668286772
230668236772
230668192772
230668142772
230668096772
230668046772
230667996772
230667976772
230667926772
230667876772
230667826772
230667785772
230667735772
230667687772
230667637772
230667587772
230667541772
230667491772
230667441772
230667391772
230667341772
230667301772
230667291772
230667241772
230667191772
400000
46000
62000
114000
134000
470000
474000
474000
480000
2720000
2925000
230670466772
230670422772
230670372772
230670322772
230670272772
230670222772
230670172772
230670122772
230670217772
230670167772
230670117772
230670067772
230670017772
230670305772

450000
75000
90000
248000
248000
270000
450000
508000
602000
602000
648000
230671364772
230671341772
230671291772
230671309772
230671259772
230671275772
230671225772
230671177772
230671127772
230671077772
230671027772
230670977772
230670927772
230670921772
230670871772
230670821772
230670771772
230670721772
230670797772
230670747772
230670697772
230670647772
230670605772
230670601772
230670551772
230670501772
230670451772
230670401772
230670351772
230670309772
230670259772
230670209772
230670159772
230670109772
230670059772
230670015772
230669969772
230669979772
230669929772
230669889772
230669839772
230669798772
230669748772
230669698772
230669658772
230669612772
230669562772
230669516772
230669466772
230669416772
230669368772
230669318772
230669268772
230669218772
230669168772
230669118772
450000
230669568772
230669518772
230670280772
230670242772
230670192772
230670154772
230670104772
230670074772
230670032772
230669982772
230669932772
230669882772
230669832772
230669782772
230669732772
230669682772
230669634772
230669594772
230669544772
230669498772
230669448772
230669398772
230669348772
230669298772
230669248772
230669198772
230669166772
230669116772
230669066772
230669020772
230668980772
230668930772
230668880772'
230668836772
230668786772
230668802772
230668752772
230668702772
230668652772
230668602772
230668552772

300000
230668884772
230668834772
230668812772
230668862772
230668812772
230668762772
230668720772
230668670772
230668628772
230668578772
230668528772
230668478772
230668462772
230668412772
230668362772
230668422772
230668372772
230668556772
230668506772
230668456772
230668406772
230668356772
230668314772
230668264772
230668216772
230668166772
230668116772
230668066772
230668016772
230667966772
230667916772
230667868772
230667818772
230667770772
230667720772
230667670772
230667620772
230667590772
230667540772
230667490772
230667440772
230667400772
230667398772
230667348772
230667298772
230667250772
230667331772
230667281772
230667231772
230667183772
230667135772
230667085772
230667041772
230666991772
230666941772
230666943772
230667043772
230666993772
230666943772
230666893772
230666849772
230666819772
230666769772
230666719772
230666679772
230666633772
230666583772
230666533772
230666483772
230666463772
230666413772
230666365772
230666317772
230666267772
230666217772
230666171772
230666492772
300000
10000
20000
160000
316000
328000
734000
734000
736000
788000
790000
230667532772
230667482772
230667432772
230667382772
230667332772
230667516772
230667490772
230667440772
230667413772
230667363772
230667339772
230667289772
230667247772
230667197772
230667147772
230667097772
230667047772
230666997772
230666949772
230666903772
230667924772
230668154772
230668104772
230668054772
230668040772
230667996772
230667976772
230667926772
230668110772
230668060772
230668010772
230667960772
230667974772
230667924772
230667874772
230667824772
230667839772
230667789772
230667739772
230667751772
230667712772
230667672772
230667622772
230667572772
230667534772
230667484772
230667436772
230667416772
230667370772
230667320772
230667272772
230667222772
230667174772
230667124772
230667080772
230667030772
230666980772
230666950772
230666910772
230666870772
230666824772
230666774772
230666724772
230666674772
230666636772
230666586772
230666536772
230666506772
230666456772
230666408772
230666358772
230666308772
230666258772
230666208772
230666184772
230666152772
230666102772
230666052772
230666026772
230665976772
230665926772
230665876772
230665830772
230665790772
230665740772
230665690772
230665642772
230665592772
230665588772
230665544772
230665700772
230665652772
230665662772
230665653772
230665603772
230665553772
450000
2000
104000
108000
124000
124000
140673
141000
336000
390000
390000
230666343772
230666293772
230666285772
230666235772
230666187772
230666153772
230666103772
230666053772
230666009772
230665959772
230665917772
230665867772
230665817772
230665777772
230665735772
230665687772
230665649772
230665599772
230665549772
230665499772
230665469772
230665421772
230665386772
230665336772
230665286772
230665236772
230665186772
230665166772
230665122772
230665072772
230665022772
230664972772
230664924772
230664874772
230664924772
230664874772
230664824772
230664786772
230664740772
230664690772
230664648772
230664612772
230664564772
230664514772
230664464772
230664416772
230664366772
230664316772
230664276772
230664230772
230664180772
230664130772
230664080772
230664040772
230663990772
230663940772
230663890772
230663840772
230663790772
230663740772
230663690772
230663640772
230663590772
230663651772
230663601772
230663551772
230663645772
230663595772
230663545772
230663495772
230663466772
230663448772
230663418772
450000
230664768772
230664718772
230664668772
230664624772
230664574772
230664692772
230664720772
230664694772
230664644772
230664600772
230664558772
230664512772
230664462772
230664422772
230664372772
230664453772
230664403772
230664353772
230664303772
230664253772
230664213772
230664163772
230664896772
230664846772
230664796772
230664760772
230664710772
230664660772
230664640772
230664600772
230664550772
230664520772
230664493772
230664443772
230664393772
230664343772
230664293772
230664247772
230664197772
230664147772
230664997772
230664947772
230663997772
230663947772
230663897772
230663849772
230663805772
230663811772
230663817772
230663767772
230663723772
230663673772
230663623772
230663573772
230663523772
230663473772
230663429772
230663419772
230663379772
230663329772
230663279772
230663233772
230664903772
230663957772
230663975772
230663927772
230663889772
230664886772
230664836772
230664786772
230664736772
230664686772
230664636772
230664622772
230664572772
230664522772
230664472772
230664422772
230664372772
230664322772
230664302772
230664252772
230664222772
230664172772
230664124772
230664082772
230664032772
230663982772
230663932772
230664020772
230663976772
230663926772
230663876772
230663826772
230663780772
230663730772
230663680772
230663630772
230663580772
230663536772
230663486772
230663438772
230663394772
230663344772
230663296772
230663246772
230663242772
230663209772
230663159772
230663113772
230663244772
230663194772
230663162772
230663122772
230663072772
230663022772
230663042772
230662992772
230662942772
230662892772
230662842772
230662792772
230662744772
230662694772
230662646772
230662614772
230662564772
230662514772
230662464772
230662426772
230662398772
230662356772
230662310772
230662260772
230662212772
230662162772
230662112772
230662066772
230662078772
230662028772
230661982772
230661932772
230661930772
230661880772
230661848772
230661802772
230661752772
230661872772
230661826772
230661776772
230662771772
230662721772
230662671772
230662621772
230662571772
230662621772
230662651772
230662601772
230662551772
230662793772
230662743772
230662695772
230662663772
230662613772
230662573772
230662523772
230662483772
230662437772
230662387772
230662337772
230662307772
230662385772
230662367772
230662317772
230662269772
230662219772
230662181772
230662151772
230662163772
230662113772
230662065772
230662015772
230661965772
230661915772
230661865772
230661939772
230661889772
230661839772
230663339772
230663395772
230663345772
230663295772
230663249772
230663199772
230663149772
230663099772
230663248772
230663198772
230663168772
230663118772
230663168772
230663118772
230663068772
230663018772
230662970772
230662920772
230662900772
230662850772
230662800772
230662750772
230662710772
230662672772
230662662772
230662612772
230662805772
230663243772
230663193772
230663239772
230663189772
230663145772
230663095772
230663049772
230663003772
230662955772
230662940772
230662890772
230662840772
230662790772
230662740772
230662690772
230662640772
230662590772
230662550772
230662500772
230662450772
230662400772
230662392772
230662342772
230662300772
230662250772
230662200772
230662178772
230662128772
230662078772
230662028772
230661978772
230661928772
230661878772
230661836772
230661786772
230661748772
230661698772
300000
230661998772
230661948772
230661900772
230661850772
230661820772
230661790772
230661740772
230661700772
230661650772
230661600772
230661550772
230661504772
230661454772
230661433772
230661383772
230661333772
230661323772
230661273772
230661229772
230661179772
230661129772
230661079772
230661029772
350000
230662079772
230662029772
230661979772
230662019772
230661971772

300000
230662581772
230662531772
230662481772
230662475772
230662425772
230662375772
230662325772
230662339772
230662309772
230662289772
230662239772
230662415772
230662365772
230662317772
230662267772
230662217772
230662167772
230662117772
230662067772
230662017772
230661967772
230661917772
230661898772
230661848772
230662963772
230662913772
230662863772
230662813772
230662763772
230662893772
230662843772
230662793772
230662845772
230662799772
230662749772
230662699772
230662649772
230662649772
230662599772
230662549772
230662499772
230662479772
230662429772
230662379772
230662341772
230662291772
230662253772
230662281772
230662231772
230662181772
230662131772
230662083772
230662043772
230662059772
230662105772
230662055772
230662005772
230661955772
230661905772
230661855772
230661805772
230661755772
230661715772
230661683772
230661633772
230661583772
230661533772
230661733772
230661683772
230661637772
230661747772
230661697772
230661653772
230661793772
230661743772
230661705772
230661664772
230661614772
230661564772
230661516772
230661468772
230661422772
230661372772
230661322772
230661282772
230661238772
230661188772
230661140772
230661090772
230661040772
230660996772
230660946772
230660906772
230660856772
230660806772
230660781772
230660757772
230660709772
230660659772
230660611772
230660561772
230662457772
230662415772
230662383772
230662333772
230662283772
230662253772
230662203772
230662167772
230662119772
230662075772
230662025772
230661975772

200000


2180000
2198000
2198000
2198000
2387048
2422000
2422000
2422000
230664509772
230664477772
230664427772
230664383772
230664333772
230664291772
230664249772
230664199772
230664177772
230664149772
230664999772
230664055772
230664005772
230663955772
230663915772
230663865772
230663815772
230663765772
230663717772
230663687772
230663637772
230663587772
230663549772
230663531772
230663481772
230663431772

400000
230664639772
230664589772
230664539772
230664517772
230664655772
230665865772
230665815772
230665765772
230665717772
230665945772
230665895772
230665887772
230665837772
230665787772
230665757772
230665737772
230665689772
230665639772
230665589772
230665539772
230665489772
230665439772
230665389772
230665341772
230665291772
230665241772
230665191772
230665141772
230665091772
230665041772
230665021772
230664975772
230664929772
230664883772
230664833772
150000
216000
216000
220000
226000
226000
226000
284855
294000
448000
448000
230665381772
230665339772
230665295772
230665255772
230665250772
230665262772
230665216772
230665166772
230665116772
230665070772
230665020772
230665000772
230664950772
230664900772
230664858772
230664812772
230664762772
230664716772
230664666772
230664826772
230664776772
230664966772
230664916772
230664870772
230664826772
230664798772
230664748772
400000
230665948772
230665898772
230665854772
230665804772
230665754772
230665704772
230665654772
500000
44000
76000
76000
314000
314000
340383
345000
347000
347000
347000
230666407772
230666357772
350000
20000
110000
110000
110000
232566
283000
283000
307000
371000
371000
230667028772
230667022772
230666972772
230666922772
230666915772
230667001772
230666951772
230666901772
230666851772
230666803772
230666765772
230666715772
230666665772
230666634772
230666592772
230666542772
230666492772
230666460772
230666410772
230666372772
230666322772
230666272772
230666222772
230666172772
230666122772
350000
10000
32000
38000
438000
440000
1118000
1118000
1120000
1124000
1156000
230667578772
230667528772
230667490772
230667440772
230667390772
230667340772
230667290772
230667240772
500000
230668740772
230668690772
230668644772
350000
105000
131000
137000
227000
237000
1968000
1968000
1968000
2191713
2200000
230671144772
230671094772
230671080772
500000
20000
72000
86000
207000
207000
421000
557000
573000
577000
721000
230672251772
230672441772
230672391772
230672361772
230672311772
230672261772
230672211772
230672161772
300000
43000
145000
183000
242000
340000
372000
372000
604000
684000
684000
230673095772
230673045772
230672995772
230672945772
230672895772
230672875772
230672855772
230672889772
230672839772
230673045772
230672995772
230673399772
230673349772
230673299772
230673249772
230673199772
230673149772
230673099772
230673049772
230672999772
230672949772
230672921772
230672871772
230672821772
230672771772
230672733772
230672689772
230672995772
230672947772
230673316772
230673266772
230673216772
230673166772
230673155772
230673109772
230673059772
230673009772
230672971772
230672978772
230672928772
230672878772
230672828772
230672778772
230672728772
230672682772
230672632772
230672594772
230672550772
230672500772
230672496772
230672800772
230672750772
230672714772
230672664772
230672725772
230672675772
230672647772
230672597772
230672547772
230672567772
230672537772
230672495772
230672445772
230672395772
230672345772
230672299772
230672249772
230672199772
230672149772
230672103772
230672053772
230672003772
230671965772
230671915772
230671865772
230671817772
230671767772
230671729772
230671679772
230671629772
230671583772
230671539772
230671489772
230671439772
230671391772
230671391772
300000
230671691772
230671641772
230671671772
230671621772
230671571772
230671521772
230671471772
230671421772
230671371772
230671321772
230671631772
230671585772
230671603772
230671575772
230671525772
230671505772
230671455772
230671405772
230671355772
230671305772
230671295772
230671269772
230671219772
230671171772
230671127772
230671077772
230671027772
230670977772
230670927772
230670881772
230671046772
230671046772
230670996772
230671016772
230670966772
230670918772
230670868772
230670818772
230670768772
230670718772
230670668772
230670618772
230670594772
230670548772
230670498772
230670483772
230670437772
230670387772
230670337772
230670297772
230670251772
230670201772
230670151772
230670201772
230670151772
230670109772
230670061772
230670011772
230669983772
230669933772
230669883772
230669835772
230669785772
230669735772
230669685772
230669639772
230669589772
230669539772
230669489772
230669439772
230669389772
230669339772
230669289772
230669239772
230669207772
230669157772
230669113772
230669123772
230669073772
230669023772
230668973772
230668933772
230668883772
230668839772
230668789772
230668789772
230668739772
230668689772
200000
230669089772
230669039772
230668989772
230668951772
230668901772
230668871772
230668821772
230668779772
230668729772
230668679772
230668629772
230669587772
230669537772
230669543772
230669495772
230669447772
230669399772
230669349772
230669417772
230669403772
230669353772
230669303772
230669253772
230669203772
230669153772
230669103772
230669053772
230669003772
230668973772
230668933772
230668913772
230668867772
230669117772
230669067772
230669017772
230668967772
230668929772
230668889772
230669103772
230669055772
230669005772
230668955772
230668917772
230668867772
230668827772
230668787772
230668737772
230668687772
230668647772
230668597772
230668547772
230668525772
230668477772
230668431772
230668381772
230668331772
230668325772
230668275772
230668290772
230668240772
230668192772
230668172772
230668122772
230668072772
230668022772
230667972772
230667928772
230667878772
230667908772
230667864772
230667814772
230667776772
230667726772
230667816772
230667776772
230667726772
230667676772
230667626772
230667576772
230667526772
230667476772
230667432772
230667382772
230667332772
230667282772
230667332772
230668932772
230668901772
230668859772
230668809772
230668759772
230668715772
230668977772
230668927772
230668879772
230668949772
230668949772
230668899772
230668879772
230668829772
230668917772
230668867772
230668817772
230668767772
230668717772
230668667772
230668714772
230668794772
230668750772
230668708772
230668658772
230668608772
230668578772
230668528772
230668478772
230668428772
230668474772
230668440772
230668398772
230668348772
230668318772
230668268772
230668218772
230668170772
230668120772
230668070772
230668020772
230667977772
230667927772
230667883772
230667833772
230667783772
230667733772
230667683772
230667637772
230667587772
230667537772
230667487772
230667447772
230667403772
230667653772
230667629772
230667637772
230667611772
230667561772
230667519772
230667489772
230667439772
230667479772
230667429772
230667379772
230667329772
230667279772
230667229772
230667185772
230667135772
230667085772
230667035772
230666985772
230667075772
230667025772
230666975772
230666929772
230666887772
230666837772
230666801772
230666761772
230666711772
230666661772
230666653772
230666609772
230666579772
230666531772
230666481772
230666431772
230666381772
230666345772
230666319772
230666277772
230666227772
230666177772
230666127772
230666077772
230666027772
230665991772
230665981772
230665931772
230665895772
230665847772
230665797772
230665747772
230665709772
230665751772
230665701772
230665655772
230665620772
230665570772
230665610772
230665564772
230665514772
230665474772
230665424772
230665374772
230665324772
230665278772
230665334772
230665284772
230665234772
230665196772
230665158772
230665108772
230665058772
230665008772
230664958772
230664908772
230664862772
230664836772
230664786772
230664736772
230664686772
230664799772
230664749772
230664699772
230664649772
230664599772
230664551772
230664501772
230664451772
230664433772
230664383772
230664333772
230665307772
230665257772
300000
230666157772
230666107772
230666057772
230666007772
230665957772
230665915772
230665865772
230665815772
230665767772
230665719772
230665673772
230665623772
230665573772
230665523772
230665473772
230665431772
230665381772
230665331772
230665281772
230665231772
230665189772
230665145772
230665095772
230665045772
230664995772
230664945772
230664895772
230664845772
230664795772
230664745772
230664695772
230664687772
230664637772
230664587772
230664541772
230664491772
230664443772
230664393772
230664343772
230664305772
230664255772
230664211772
230664201772
230664151772
230664101772
230664051772
230664001772
230663959772
230663909772
230663859772
230663809772
230663759772
230663709772
230663661772
230663611772
230663591772
230663541772
230663493772
230663443772
230663393772
230663343772
230663293772
230663243772
230663193772
230663155772
230663105772
230663057772
230663025772
230663017772
230663081772
230663031772
230663299772
230663249772
150000
230663699772
230663649772
230663599772
230663549772
230663499772
230663449772
230663401772
230663357772
230663313772
230663263772
230663213772
230663163772
230663117772
230663075772
230663025772
230662975772
230662947772
230664827772
230664777772
230664727772
230664677772
230664627772
230664607772
230664561772
230664511772
230664547772
230664497772
230664447772
230664427772
230664377772
230664327772
230664277772
230664227772
230664191772
230664151772
230664107772
230664057772
230664907772
230663957772
230663907772
230663857772
230663807772
230664977772
230664927772
230664881772
230664863772
230664817772
230664767772
230664727772
230664677772
230664627772

300000
15000
200000
342000
344000
364000
364000
518000
558000
648000
648000
230665565772
230665515772
230665465772
230665419772
230665369772
230665319772
230665269772
230665219772
230665179772
230665129772
230665079772
230665029772
230664991772
230664941772
230664891772
230664841772
230664793772
230664743772
230664693772
230664643772
230664593772
230664547772
230664707772
230664657772
230664631772
230664581772
230664535772
230664485772
230664439772
230664471772
230664421772
230664371772
230664325772
230664329772
230664279772
230664239772
230664239772
230664189772
230664146772
230664100772
230664050772
230664000772
230663978772
230663928772
230663878772
230663864772
230663832772
230663802772
230663754772
230663712772
230664002772
230663960772
230663910772
230663872772
230663822772
230663778772
230663744772
230663694772
230663644772
230663594772
230663562772
230663522772
230663472772
230663422772
230663376772
230663326772
230663276772
230663238772
230663262772
230663212772
230663172772
230663152772
230663102772
230663052772
230663002772
230662952772
230662930772
230662880772
230662934772
230662884772
230662834772
230662784772
230662734772
230662900772
230662850772
230662878772
230662828772
230662800772
230662750772
230662700772
230662650772
230662600772
230662574772
230662524772
230662474772
230662424772
230662374772
230662432772
230662382772
230662340772
230662290772
230662244772
230662226772
230662176772
230662126772
230662076772
230662026772
230661996772
230661958772
230661910772
230661920772
230661872772
230661822772
230661772772
230661728772
230661678772
230661658772
230661608772
230661558772
230661508772
230661458772
230661410772
230661360772
230661340772
230661290772
230661240772
230661190772
230661140772
230661102772
230661052772
230661002772
230660952772
230660902772
230660852772
230660802772
230660752772
230660702772
230660676772
230660638772
230660588772
200000
230660788772
230660738772
230660730772
230660680772
230660632772
230660582772
230660556772
230660506772
230660456772
230660406772
230660372772
230660322772
230660284772
230660238772
230660188772
230660138772
230660088772
230662848772
230662798772
230662748772
230662698772
230662648772
230662598772
230662548772
230662498772
230662448772
230662422772
230662376772
230662338772
230662288772
230662240772
230662190772
230662160772
230662110772
230662060772
230662018772
230661968772
230661918772
230661868772
230661830772
230661782772
230661836772
230661793772
230661753772
230661703772
230661653772
230661743772
230661838772
230661822772
230661772772
230661722772
230661680772
230661630772
230661580772
230661530772
230661480772
230661430772
230661390772
230661340772
230661290772
230661240772
230661190772
230661140772
230661090772
230661040772
230661008772
230660958772
230660908772
230660858772
230660810772
230660770772
230660720772
230660670772
230660620772
230660570772
230660520772
230660472772
230660422772
230660372772
230660322772
230660272772
230660272772
230660258772
230660233772
230660187772
230660145772
230660545772
230660495772
230660457772
300000


344555
433000
463000
463000
463000
559000
559000
559000
230661216772
230661166772
230661116772
230661066772
230661018772
230660968772
230660918772
230660868772
230660818772
230660834772
230660796772
230660746772
230660696772
230660646772
230660617772
230660592772
230660792772
230660744772
230660712772
230660662772
230660612772
230660732772
230660682772
230660638772
230660588772
230660542772
230660492772
230660444772
230660394772
230660344772
230660294772
230660244772
230660194772
230660144772
230660094772
230660121772
230660071772
230660165772
230660135772
230660085772
230660039772
230659989772
230659939772
230659889772
230660205772
230660155772
230660105772
230660055772
230660005772
230659967772
230659982772
230659934772
230659884772
230659834772
230659784772
230659734772
230659688772
230659638772
230659608772
230659558772
230659518772
230659512772
230659462772
230659412772
230659368772
230659326772
230659278772
230659228772
230659188772
230659138772
230659092772
230659052772
230659008772
230658958772
230658908772
230658858772
230658808772
230658778772
230658732772
230658682772
230659982772
230659936772
230660057772
230660007772
230659957772
230659907772
230659857772
230659807772
230659757772
230659707772
230659657772
230659679772
230659629772
230659769772
230659719772
230659669772
230659619772
230659571772
230659521772
230659483772
230659437772
230659399772
230659359772
230659309772
230659259772
230659209772
230659159772
230659115772
230659065772
230659015772
230658965772
230658915772
230658865772
230658815772
230658765772
230658715772
230658665772
230658615772
230658565772
230658523772
230658482772
230658432772
230658382772
230658336772
230658290772
230658240772
230658190772
230658166772
230658116772
230658078772
230658028772
230657978772
230657928772
230657932772
400000
230658332772
230658282772
230658232772
230658192772
230658148772
230658098772
230658048772
230657998772
230657948772
230657898772
230657848772
230657798772
230657748772
230657698772
230657648772
230657613772
230657573772
230657531772
230657481772
230657433772
230657383772
230657335772
230657305772
230657255772
230657205772
230657157772
230657109772
230657063772
230657159772
230657109772
230657065772
230657035772
230656989772
230656939772
230656889772
230656839772
230656879772
230656829772
230656779772
230656729772
230656709772
230656659772
230656609772
230656559772
230656509772
230656459772
230656409772
230656359772
230656309772
230656259772
230656219772
230656181772
230656131772
230656094772
230656084772
230656034772
230656466772
230656416772
230656366772
230656316772
230656266772
230656224772
230656174772
230656162772
230656162772
230656112772
230656074772
230656024772
230656354772
230656340772
230656298772
230656248772
230656198772
230656148772
230656098772
230656048772
230655998772
230655950772
230655902772
230655852772
230655806772
230655756772
230655726772
230655680772
230655630772
230655580772
230655594772
230655584772
230655534772
230655484772
230655501772
230655457772
230655407772
230655359772
230655309772
230655263772
230655243772
230655201772
230655441772
230655414772
230655364772
230655353772
230655303772
230655307772
230655257772
230655227772
230655177772
230655127772
230655134772
230655084772
230655034772
230654984772
230654934772
230654884772
300000
230655786772
230655736772
230656062772
230656136772
230656090772
230656040772
230656002772
230655956772
230655906772
230655856772
230655806772
230655756772
230655726772
230655676772
230655630772
230655580772
230655530772
230655480772
230655436772
230655386772
230655336772
230655308772
230655258772
230655212772
230655162772
230655112772
230655062772
230655012772
230654962772
230654912772
230654862772
230654812772
230654790772
230654754772
230654704772
230654654772
230654604772
230654556772
230654506772
230654456772
230654420772
230654446772
230654400772
230654350772
230654300772

500000
230654308772
230654758772
230654708772
230654658772
230654608772
230654558772
230654594772
230654544772
230654494772
230654444772
230654394772
230654390772
230654340772
230654300772
230654298772
230654248772
230654198772
230654519772
230654469772
230654419772
230654404772
230654354772
230654304772
230656854772
230656804772
230656754772
230656710772
230656660772
230656620772
230656594772
230656544772
230656504772
230656458772
230656412772
230656362772
230656312772
230656264772
230656214772
230656204772
230656154772
230656104772
230656072772
230656022772
230655972772
230655922772
230655880772
230655864772
230655814772
230655764772
230655714772
230655704772
230655658772
230655608772
230655573772
230655543772
230655493772
230655443772
230655393772
230655343772
230655293772
230655249772
230655199772
230655149772
230655099772
230655049772
230654999772
230654953772
230654919772
230654369772
230654319772
230654769772
230654719772
230654669772
230654619772
230654569772
230654519772
230654469772
230654419772
230654519772
230654469772
230654419772
230654369772
230654339772
230654291772
230654241772
230654205772
230654161772
230654111772
230654061772
230654015772
230653965772
230653915772
230653867772
230655267772
230655217772
230655173772
230655131772
230655081772
230655070772
230655026772
230654976772
230654946772
230654396772
230654886772
230654836772
230654786772
230654736772
230654686772
230654636772
230654586772
230654536772
230654486772
230654620772
230654570772
230654530772
230654480772
230654430772
230654388772
230654338772
230654288772
230654238772
230654190772
230654140772
230654990772
350000
450000
462000
804000
806000
820000
826000
918000
936000
936000
942000
230655332772
230655282772
230655238772
230655188772
230655138772
230655088772
230655038772
230654998772
230654948772
230654912772
230654862772
230654812772
230654762772
230654720772
230654674772
230654624772
230654576772
230654526772
230654512772
230654474772
230654432772
230654382772
230654332772
230654282772
230654287772
230654237772
230654187772
230654137772
230654087772
230654037772
230653987772
230653937772
230653897772
230653849772
230653883772
230653833772
230653783772
230653733772
230653749772
230653699772
230653649772
230653599772
350000
230654299772
230654249772
230654199772
230654157772
230654107772
230654099772
230654949772
230653999772
230653949772
230653899772
230653859772
230653809772
230653869772
230653819772
230653783772
230653733772
230653683772
230653633772
230653589772
230653585772
230653541772
230653491772
230653441772
230653391772
230653341772
230653291772
230653241772
230653211772
230653165772
230653115772
230653065772
230653015772
230652975772
230652925772
230652875772
230653167772
230653129772
230653109772
230653059772
230653013772
230652963772
230652913772
230652863772
230652813772
230652763772
230652745772
230652695772
230652645772
230652595772
230652545772
230652495772
230652445772
230652399772
230652349772
230652541772
230652499772
230652458772
230652408772
230652358772
230652325772
230652297772
230652247772
230652201772
230652151772
230652107772
230652059772
230652009772
230651959772
230651909772
230651859772
230651809772
230651763772
230651713772
230651710772
230651660772
230651610772
230651587772
230651537772
230651505772
230651557772
230651641772
230651597772
230651587772
230651537772
230651641772
230651597772
230651547772
230651497772
230651883772
230651851772
230651801772
230651751772
230651701772
230651651772
230651601772
230651551772
230651501772
230651451772
230651401772
230651351772
230651307772
230651257772
230651207772
230651161772
230651131772
230651085772
230651047772
230651018772
230650968772
230650920772
230650870772
230650820772
230650772772
230650724772
230650684772
230650647772
230650597772
230650547772
230650497772
230650447772
230650397772
230650347772
230650301772
230650251772
450000
18000
53638
71000
128000
1221000
1339000
1419000
1485000
1675000
1809000
230652460772
230652458772
230652538772
230652542772
230652492772
230652452772
230652402772
230652352772
230652302772
230652436772
230652386772
230652336772
230652342772
230652298772
230652248772
230652198772
230652158772
230652108772
230652292772
230652242772
230652192772
230652142772
230652212772
230652162772
230652116772
230652082772
230652032772
230651982772
230651932772
230651884772
230651954772
230651904772
230652092772
230652062772
230652078772
230652028772
230651992772
230651942772
230651892772
230651842772
230651794772
230651744772
230651696772
230651682772
230651636772
230651586772
230651536772
230651488772
230651452772
230651402772
230651352772
230651302772
230651252772
230651202772
230651252772
230651202772
230651156772
230651106772
230651056772
230651006772
230650956772
230650906772
230650856772
230650846772
230650830772
230650780772
230650730772
230650716772
230650666772
230650616772
230650586772
250000
230651338772
230651288772
230651238772
230651188772
230651158772
230651108772
230651058772
230651008772
230650982772
230650932772
230650882772
230650832772
230650786772
230650742772
230650698772
230650648772
230650598772
230650548772
230650498772
230650480772
230650484772
230650434772
230650384772
230650334772
230650284772

250000
220000
436000
1756000
1756000
1768000
1768000
1884110
2966000
6206000
6206000
230656702772
230656652772
230656602772
230656552772
230656502772
230656452772
230656402772
230656352772
230656302772
230656372772
230656322772
230656286772
230656390772
230656340772
230656290772
230656288772
230656240772
230656196772
230656146772
230656271772
230656231772
230656181772
230656161772
230656117772
230656071772
230656023772
230655991772
230655941772
230655891772
230655851772
230658101772
230658055772
230658023772
230657973772
230658003772
230658003772
230657953772
230657903772
230657853772
230657805772
230657755772
230657705772
230657695772
230657691772
300000
83000
153000
157000
179000
259000
600000
602000
602000
602000
602000
230658543772
230658499772
230658453772
230658403772
230658393772
230658343772
230658299772
230658251772
230658201772
230658151772
230658109772
230658059772
230658049772
230657999772
230657949772
230657899772
230657849772
230657803772
230657765772
230657715772
230657665772
230657621772
230657607772
230657557772
230657519772
230657469772
230657419772
230657389772
230657349772
230657299772
230657249772
230657199772
230657149772
230657099772
230657049772
230657001772
230656971772
230656923772
230656881772
230656864772
230656814772
230656764772
230656714772
230656664772
230656616772
230656566772
230656516772
230656501772
230658300772
230658252772
230658202772
230658152772
230658106772
230658056772
230658014772
230657964772
230657914772
230657864772
230657814772
230657888772
230657838772
230657794772
230657744772
230657734772
230657688772
230657638772
230657588772
230657538772
230657508772
230657822772
230657779772
230657783772
230657737772
230657747772
230657707772
230657657772
230657607772
230657563772
230657643772
300000
230658243772
230658193772
230658143772
230658095772
230658045772
230657995772
230657945772
230657895772
230657867772
230657852772
230657802772
230657774772
230657724772
230657674772
230657626772
230657580772
230657530772
230657693772
230657643772
230657605772
230657555772
230657505772
230658491772
230658441772
230658391772
230658345772
230658295772
230658245772
230658233772
230658183772
230658161772
230658141772
230658091772
230658045772
230657995772
230657951772
230657991772
230657951772
230657901772
230651851772
230657801772
230657751772
230657705772
230657657772
230657607772
230657557772
230657507772
230657457772
230657409772
230657359772
230657311772
230657273772
230657951772
230658001772
230657951772
230657901772
230651851772
230657801772
230657751772
230657701772
230657667772
230657647772
230657597772
230657547772
230657497772
400000
230658697772
230658647772
230658622772
230658572772
230658526772
230658476772
230658426772
230658376772
230658336772
230658290772
230658240772
230658190772
230658158772
230658108772
230658064772
230658020772
230657970772
230657934772
230657894772
230657844772
230657794772
230657744772
230657700772
230657652772
230657604772
230657634772
230657584772
230657534772
230657484772
230657436772
230657390772
230657340772
230657290772
230657244772
230657206772
230657212772
230657162772
230657130772
230657080772
230657030772
230656980772
230656930772
230656880772
230656832772
230656788772
230656738772
230656694772
230656644772
230656594772
230656544772
230656494772
230656448772
230656404772
230656504772
230656456772
230656406772
230656356772
230656306772
230656256772
230656206772
230656156772
230656106772
230656060772
230656010772
230656200772
230656150772
230656100772
230656050772
230656000772
230655950772
230655912772
230655862772
230655812772
230655762772
230655712772
230655662772
230655612772
230655568772
230655548772
230655498772
230655454772
230655460772
230655410772
230655360772
230655405772
230655357772
230655307772
230655259772
230655247772
230655197772
230655147772
230655097772
230655047772
230655003772
230654959772
230654919772
230654369772
230654861772
230655185772
230655135772
230655145772
230655095772
230655057772
230655007772
230655035772
230655861772
230655811772
230655761772
230655717772
230655667772
230655619772
230655569772
230655519772
230655469772
230655569772
230655523772
230655473772
230655423772
230655373772
230655343772
230655301772
230655265772
230655215772
230655217772
230655167772
230655117772
230655085772
230655035772
230655055772
230655053772
230655003772
230654959772
230654911772
230654938772
230654388772
230654840772
230654820772
230654770772
230654750772
230654700772
230654700772
230654652772
230654764772
230654724772
230654674772
230654632772
230654582772
230654532772
230654482772
230654432772
230654382772
230654500772
230654450772
230654400772
230654350772
230654316772
230654272772
230654222772
230654172772
230654128772
230654078772
230654036772
230654046772
230653996772
230653946772
230653896772
230653900772
230654072772
230654022772
230654912772
230653962772
230653912772
230653862772
230653816772
230653784772
230653738772

500000
230654750772
230654700772
230654656772
230654712772
230654662772
230654612772
230654572772
230654522772
230654472772
230654422772
230654372772
230654322772
230654272772
230654222772
230654172772
230654126772
230654076772
230654046772
230653996772
230653946772
230653898772
230653848772
230653798772
230653754772
230653704772
230653674772
230653626772
230653576772
230653646772
230653596772
230653558772
230653508772
230653470772
230653420772
230653370772
230653320772
230653442772
230653392772
230653342772
230653322772
230653272772
230653524772
230653474772
230653426772
230653376772
230653326772
230653276772
230653232772
230653182772
230653132772
230653082772
230653048772
230653048772
230652998772
230652948772
230652984772
230652934772
230652902772
230652870772
230652848772
230652798772
230652748772
230652702772
230652724772
230652674772
230652624772
230652574772
230652528772
230652478772
230652428772
230652397772
230652359772
230652319772
230652271772
230652221772
230652173772
230652123772
230652073772
230652023772
230651993772
230651983772
230651935772
230651885772
230651847772
230651801772
230651755772
230651717772
230651667772
230651667772
230651617772
230651567772
230651517772
230651467772
230651417772
230651367772
230651337772
230651299772
230651469772
230651421772
230651371772
230651337772
230651287772
230651282772
230651252772
230651208772
230653258772
230653208772
230653162772
230653112772
230653128772
230653078772
230653028772
230653028772
230653002772
230652991772
230652941772
230652891772
230652937772
230652895772
230652845772
230652795772
230652757772
230652707772
230652659772
230652617772
230652567772
230652541772
230652531772
230652481772
230652431772
300000
230652731772
230652681772
230652631772
230652671772
230652623772
230652589772
230652681772
230652639772
230652689772
230652659772
230652609772
230652559772
230654357772
230654325772
230654275772
230654225772
230654617772
230654599772
230654549772
230654499772
230654449772
230654399772
230654389772
230654339772
230654325772
230654299772
230654249772
230654199772
230654149772
230654099772
230654949772
230653999772
230653949772
230653905772
230653861772
230653811772
230653761772
230653711772
230653661772
230653611772
230653561772
230653517772
230653467772
230653421772
230653386772
230653336772
230653301772
230654395772
230654404772
230654354772
230654314772
230654266772
230654220772
230654170772
230654120772
230654101772
230654051772
230654929772
230653979772
230653929772
230653879772
230653845772
230653797772
230653747772
230653721772
230653671772
230653621772
230653953772
230653903772
200000
230654503772
230654453772
230654426772
230654454772
230654404772
230654354772
230654304772
230654254772
230654234772
230654194772
230654144772
230654994772
230654944772
230653994772
230653944772
230653894772
230653888772
230653842772
230653792772
230653742772
230653714772
230653668772
230653648772
230653598772
230653588772
230653538772
230653488772
230653438772
230653388772
230653348772
230653298772
230653605772
230653555772
230653505772
230653485772
230653453772
230653415772
230653747772
230653697772
230653647772
230653597772
230653547772
230653507772
230653457772
230653407772
230653357772
230653313772
230653263772
230653213772
230653167772
230653117772
230653067772
230653017772
230652973772
230652923772
230652913772
230652867772
230652817772
230652771772
230652721772
230652751772
230652701772
230652879772
230652831772
230652781772
230652731772
230652693772
230652645772
230652595772
230652545772
230652505772
230652455772
230652405772
230652355772
230652347772
230652297772
230652247772
230652197772
230652147772
230652099772
230652049772
230652001772
230651961772
230651911772
230652381772
230652347772
230652297772
230652257772
230652207772
230652179772
230652137772
230652087772
230652217772
230652197772
230652237772
230652187772
230652139772
230652089772
230652039772
230651993772
230651943772
230651893772
230652453772
230652405772
230652381772
230652345772
230652415772
230652375772
230652325772
230652305772
230652257772
230652219772
230652187772
230652137772
230652087772
230652041772
230651991772
230651941772
230651895772
230651849772
230651799772
230651749772
230651699772
230651649772
230651601772
230651576772
230651544772
230651524772
230651474772
230651439772
230651389772
230651339772
230651289772
230651239772
230651189772
230651141772
230651095772
230651045772
230650997772
230650947772
230650897772
230650847772
230650797772
230650747772
230650737772
230650687772
230650637772
230650587772
230650577772
230650527772
230650477772
230650427772
230650379772
230650329772
230650285772
230650277772
230650247772
230650197772
230650147772
230650097772
230650047772
230649997772
230649947772
230649897772
230649877772
230649827772
230649777772
230649727772
230649737772
230649713772
230649663772
230649613772
230649573772
230649525772
230649485772
230649465772
230649419772
230649369772
230649319772
230649279772
230649229772
230649189772
230649139772
230649089772
230649039772
230648989772
230648939772
230648897772
230648847772
230648797772
230648747772
230648713772
230648663772
230648613772
230648567772
230648517772
230648467772
230648417772
230648405772
230648355772
230648305772
230648267772
230648231772
230648183772
230648135772
230648091772
230648041772
230647991772
230647965772
230647919772
230647869772
230647819772
230647773772
230647725772
230647675772
230647627772
230647577772
230647539772
230647491772
230647441772
230647391772
230647341772
230647291772
230647243772
230647195772
230647155772
230647105772
230647073772
230647173772
230647137772
230647087772
230647037772
230646993772
230647011772
230646961772
230646911772
230646861772
230646811772
230646763772
230646713772
230646663772
230646613772
230646563772
230646513772
230646467772
230646417772
230646369772
230646323772
230646273772
230646223772
230646173772
230646123772
230646073772
230646023772
230645989772
230646639772
230646589772
230646759772
230646713772
230646687772
230646637772
230646587772
230646543772
230646495772
230646464772
230647058772
230647008772
230646958772
230646924772
230646884772
230646834772
230646784772
230646734772
230646724772
230646674772
230646624772
230646574772
230646528772
230646502772
230646452772
230646402772
230646372772
230646340772
230646312772
230646358772
230646308772
230646269772
230646219772
230646169772
230646119772
230646069772
230646029772
230645979772
230645929772
230645879772
230645829772
230645779772
230645779772
230645729772
230645679772
230645629772
230645589772
230645581772
230645539772
230645489772
230645439772
230645389772
230645339772
230645289772
230645239772
230645197772
230645147772
230645097772
230645047772
230645047772
230644997772
230644947772
230644397772
230644871772

350000
70000
74000
158000
158000
170000
400000
470000
470000
2950350
3046000
230648225772
230648335772
230648297772
230648247772
230648199772
250000
230648949772
230648899772
230648851772
230648823772
230648773772
230648723772
230648673772
230648633772
230648583772
230648539772
230648489772
230648459772
230648409772
230648363772
230648313772
230648263772
230648213772
230648163772
230648117772
230648067772
230648017772
230647969772
230647947772
230647897772
230647847772
230647797772
230647747772
230647747772
230647703772
230647741772
230647691772
230647641772
230647591772
230647673772
230647623772
230647575772
230647525772
230647475772
230647483772
230647433772
230647387772
230647345772
230647295772
230647245772
230647195772
230647145772
230647109772
230647059772
230647013772
230646963772
230646938772
230646928772
230646878772
230646830772
230646780772
230646759772
230646709772
230646659772
230646609772
230646559772
230646509772
230646459772
230646409772
230646359772
230646309772
230646259772
230648549772
230648501772
230648451772
230648407772
230648397772
230648347772
230648297772
230648318772
230648272772
230648222772
230648228772
230648180772
230648150772
230648100772
230648050772
230648008772
230647958772
230647910772
230647860772
230647810772
230647790772
350000
230648140772
230648090772
230648056772
230648006772
230647956772
230647906772
230647856772
230647806772
230647756772
f5'
400000
264000
324000
324000
324000
640000
640000
657934
678000
702000
702000
230648848772
230648798772
230648748772
230648702772
230648654772
230648604772
230648566772
230648516772
230648466772
230648418772
230648382772
230648332772
230648282772
230648301772
230648251772
230648221772
230648211772
230648161772
230648111772
230648061772
230648011772
230647961772
230647949772
230647911772
230647861772
230647811772
230647761772
230647719772
230647969772
230647919772
230647869772
230647819772
230647773772
230647723772
230647673772
230647623772
230647573772
230647523772
230647473772
230647423772
230647373772
230647323772
230649051772
230649001772
230649095772
230649045772
230648995772
230649633772
230649583772
230649552772
230649502772
230649505772
230649459772
230649409772
230649359772
230649311772
230649261772
230649211772
230649161772
230649111772
230649065772
230649015772
230648965772
230648946772
230648896772
230648846772
230648798772
230648758772
230648708772
230648658772
230648608772
230648558772
230648512772
230648464772
230650499772
230650449772
230650399772
230650349772
230650422772
230650372772
230650322772
230650272772
230650222772
230650172772
230650126772
230650076772
230650026772
230649992772
230649942772
230649892772
230649842772
230649822772
230649772772
230649722772
230649672772
230649622772
230649584772
230649969772
230649919772
230649869772
230649819772
230649769772
230649719772
230649669772
230649619772
230649569772
230649523772
230649477772
230649427772
230649402772
230649352772
230649320772
230649274772
230649224772
230649276772
230649226772
230649176772
230649130772
230649082772
230649032772
230648982772
230648932772
230648882772
230648832772
230648786772
230648746772
230648706772
230648656772
230648612772
230648577772
230648545772
230648497772
230648447772
230649942772
230649892772
230649858772
230649808772
230649770772
230649790772
230649740772
230649692772
230649642772
230649598772
230649548772
230649498772
230649466772
230649416772
230649366772
230649316772
230649270772
230649220772
230649170772
230649160772
230649110772
230649060772
230649034772
230648992772
230648942772
230648904772
230648854772
230648808772'
230648764772
230648716772
230648666772
230648646772
230648596772
230648548772
230648530772
230648480772
230648438772
230648390772
230648342772
230648296772
230648250772
230648200772
230648165772
230648115772
230648065772
230648065772
230648015772
230648185772
230648135772
230648085772
230648035772
230647985772
230647935772
230647885772
230647835772
230647785772
230647770772
500000

8000
16000
76000
374000
476000
482000
1172000
1210000
1210000
230649430772
230649380772
230649330772
230649280772
230649268772
230649368772
230649318772
230649268772
400000
230650468772
230650418772
230650392772
230651678772
230651628772
230651593772
230651634772
230651584772
230651534772
230651529772
230651529772
230651489772
230651439772
230651489772
230651531772
230652251772
230652201772
230652151772
230652101772
230652051772
230652009772
230652027772
230651985772
230652039772
230651989772
230651941772
230651891772
230651841772
230651791772
230651741772
230651691772
230651649772
230651599772
230651555772
230651505772
230651455772
230651405772
230651355772
230651337772
230651337772
230651297772
230651277772
230651291772
230651241772
230651201772
230651157772
230651107772
230651057772
230651011772
230651015772
230650965772
230650921772
230650871772
230650871772
230650821772
230650791772
230650741772
230650707772
230650657772
230650613772
230650573772
230650523772
230650481772
230650435772
230650385772
230650335772
230650285772
230650257772
230650207772
400000
28000
28000
28000
135146
138000
2058000
2062000
2127000
2149000
2149000
230652706772
230652656772
230652608772
230652558772
230652508772
230652458772
230652408772
230652364772
230652362772
230652320772
230652270772
230652220772
230652204772
230652154772
230652144772
230652094772
230652059772
230652009772
230651959772
230651949772
230651901772
230651911772
230651899772
230651857772
230651807772
230651765772
230651725772
230651675772
230651631772
230651581772
230651599772
230651549772
100000

18000
28000
48000
48000
52000
56000
86000
114000
144000
230651743772
230651909772
350000
230652259772
230652209772
230652159772
230652117772
230652067772
230652017772
230651967772
230652229772
230652179772
230652199772
230652149772
230652105772
230652055772
230652005772
230651955772
230651905772
230651855772
230651811772
230651819772
230651771772
230651760772
230651710772
230651660772
230651610772
230651560772
230651510772
230651460772
230651414772
230651412772
230651362772
230651316772
230651272772
230651242772
230651192772
230651154772
230651104772
230651054772
230651006772
230650956772
230650906772
230650856772
230650826772
230650792772
230650831772
230650789772
230650739772
230650689772
230650639772
230650729772
230650679772
230650713772
230650669772
230650619772
230650569772
230650519772
230650489772
230650439772
230650397772
230650347772
100000
230650649772
230650599772
230650549772
230650499772
230650449772
230650399772
230650349772
230650301772
230650255772
230650213772
230650163772
230650113772
230650063772
230650017772
230649967772
230649933772
230649899772
230649849772
230649805772
230649755772
230649711772
230649667772
230649617772
230649591772
230649541772
230649491772
230649481772
230649471772
230649535772
230649485772
230649435772
230649385772
230649335772
230649315772
230649265772
230649221772
230649171772
200000
40000
40000
42000
42000
197000
207000
331000
331000
591000
898000
230650219772
230650169772
230650119772
230650075772
230650025772
230649975772
230649939772
230649889772
230649849772
230649799772
230649749772
230649707772
230649657772
230649611772
230649561772
230649521772
450000
230650871772
230650821772
230650771772
230650725772
230650685772
230650643772
230650593772
230650547772
230650539772
230650504772
230650454772
230650410772
230650360772
230650347772
230650297772
230650255772
230650217772
230650167772
230650173772
230650269772
230650263772
230650213772
230650169772
230650137772
230650087772
230650037772
230649987772
230649937772
230649937772
230649889772
230649839772
230649793772
230649749772
230649699772
230649649772
230649599772
230649549772
230649499772
230649464772
230649414772
230649364772
230649332772
230649286772
230649240772
230649190772
230649140772
230649090772
230649040772
230648990772
230648940772
230648890772
230648840772
230648790772
230648740772
230648690772
230648640772
230648590772
230649036772
230648986772
230648948772
230648898772
230651988772
230651954772
230651974772
230651924772
230651974772
230651940772
230651890772
230651846772
230651796772
230651746772
230651696772
230651658772
230651608772
230651558772
230651516772
230651466772
230651416772
230651366772
230651316772
230651266772
230651224772
230651282772
230651232772
230651306772
230651256772
230651216772
230651178772
230651148772
230651098772
230651062772
230651012772
230650977772
230650927772
230650877772
350000

58000
73000
79000
203000
239000
239000
293000
293000
320000
230651497772
230651451772
230651401772
230651351772
230651313772
230651271772
230651221772
230651201772
230651153772
230651103772
230651053772
230651003772
230651170772
230651124772
230651074772
230651053772
230651115772
230651065772
230651015772
230650965772
230650915772
230650937772
230650887772
230650847772
230650797772
230650827772
230650777772
230650727772
230650677772
230650635772
230650593772
230650543772
230650631772
230650581772
230650531772
230650481772
230650431772
230650381772
230650331772
230650281772
230650255772
230650225772
230650175772
230650149772
230650099772
230650049772
230649999772
230649949772
230649899772
230649849772
230649799772
230649753772
230649703772
230649653772
230649603772
230649561772
230649871772
230649821772
230649771772
230649721772
230649673772
230649651772
230649605772
230649595772
230649563772
230649513772
230649463772
230649413772
230649363772
230649313772
230649263772
230649213772
230649163772
230649115772
230649235772
230649189772
230649173772
230649123772
230649075772
230649025772
230649023772
230649073772
230649023772
230648973772
230648925772
230649131772
230649081772
230649031772
230649020772
230648970772
230648924772
230648874772
230648828772
230648778772
230648730772
230648680772
230648630772
230649830772
230649784772
230649734772
230649684772
230649634772
230649608772
230649718772
230650336772
230650286772
230650236772
230650186772
230650138772
230650088772
230650038772
230649988772
230649942772
230649892772
230649882772
230649832772
230649782772
230649732772
230649692772
230649642772
230649592772
230649542772
230649510772
230649460772
230649454772
230649422772
230649372772
230649322772
230649272772
230649222772
230649172772
230649122772
230649137772
230649087772
230649037772
300000
230649569772
230649519772
230649469772
230649423772
230649373772
230649323772
230649273772
230649223772
230649173772
230649127772
230649077772
230649147772
230649097772
230649047772
230648997772
230648965772
230648915772
230648865772
230649595772
230649545772
230649495772
230649445772
230649395772
230649345772
230649307772
230649257772
230649207772
230649271772
230649221772
230649171772
230649121772
230649227772
230649193772
230649151772
230649101772
230649051772
230649233772
230649183772
230649133772
230649083772
230649033772
230648983772
230648933772
230648883772
230648843772
230648795772
230648747772
230648697772
230648647772
230648597772
400000
230648997772
230648947772
230648901772
230648855772
230648821772
230648771772
230648721772
230648671772
230648621772
230648571772
230648711772
500000
230649711772
230649661772
230649667772
230649617772
230649573772
230649523772
230649473772
230649423772
230649373772
230649365772
230649319772
230649269772
230649331772
230649281772
230649231772
230649183772
230649133772
230649083772
230649033772
230648983772
230648958772
230648908772
230649110772
230649070772
230649020772
230648970772
230648926772
230648876772
230648830772
230648784772
230648814772
230648778772
230648736772
230648686772
230648636772
230648596772
230648546772
230648496772
230648450772
230648400772
230648360772
230648338772
230648288772
300000


4000
14000
14000
194000
202000
542000
836000
836000
230649374772
230649324772
230649280772
230649230772
230649186772
230649254772
230649210772
230649160772
230649110772
230649062772
230649012772
230648986772
230648966772
230648916772
230648866772
230648816772
230648766772
230648718772
230648668772
230648618772
230648570772
230648530772
230648480772
230648454772
230648412772
230648362772
230648312772
230648276772
230648226772
230648176772
230648126772
230648104772
230648054772
230648024772
230647984772
230647936772
230647916772
230647876772
230647826772
230647776772
230647726772
230647686772
230647648772
230647602772
230647552772
230647502772
230647462772
230647412772
230647362772
230647312772
230647262772
230647244772
230647194772
230647174772
230647124772
230647074772
230647024772
230646974772
230646934772
230646884772
230646834772
230646788772
230646740772
230646696772
230646646772
230646596772
230647079772
230647041772
230647031772
230646991772
230646941772
230646891772
230646852772
230646828772
230646806772
230646768772
230646728772
230646684772
230646636772
230646586772
230646536772
230646490772
230646464772
230646414772
230646368772
230646318772
230646272772
230646222772
230646172772
230646122772
230646072772
230646022772
230645972772
230645922772
230645872772
230645822772
230645780772
230645732772
230645682772
230645632772
230645582772
230645532772
230645482772
230645432772
230645382772
230645332772
230645282772
230645262772
230645212772
230645162772
230645112772
230645062772
230645018772
230644968772
230644918772
230644876772
230644826772
230644776772
230644726772
230644676772
230644626772
230644576772
230644526772
230644476772
230644426772
230644380772
230644330772
230644280772
230644230772
230644180772
230644130772
230644980772
230644030772
230643980772
230643936772
230643886772
230643852772
230643802772
230643762772
230643718772
230643668772
230644877772
230644827772
230644783772
230644733772
230644683772
230644681772
230644643772
230644593772
230644543772
230644505772
230644455772
230644407772
230644597772
230644547772
230644497772
230644447772
230644397772
250000
118460
150805
157000
165000
711000
723000
759000
759000
759000
759000
230645306772
230645256772
230645206772
230645191772
230645141772
230645091772
230645041772
230644991772
230644941772
230644391772
230644841772
230644791772
230644741772
230644691772
230644641772
230644591772
230644543772
230644497772
230644455772
230644405772
230644531772
230645526772
230645476772
230645426772
230645376772
230645326772
230645316772
230645268772
230645218772
230645168772
230645133772
230645083772
230645033772
230644983772
230644933772
230644883772
230644833772
230644783772
230644733772
230644683772
230645333772
230645287772
230645237772
230645187772
230645141772
230645101772
230645051772
230645001772
230644951772
230644901772
230644878772
230644836772
230644798772
230644748772
230644698772
230644660772
230644636772
230644586772
230644544772
230644522772
230644474772
230644424772
230644374772
230644324772
230644274772
230644224772
230644174772
230644132772
230644082772
230644040772
230643990772
230643940772
230643890772
230643888772
230643847772
230643797772
230643747772
450000
230645097772
230645047772
230644997772
230644947772
230644953772
230644903772
230644865772
230644815772
230644765772
230644883772
230644833772
230644783772
230644733772
230644683772
230644633772
230644585772
230644535772
230644485772
230644755772
230644705772
230644657772
350000
54000
54000
54000
79000
569000
892000
892000
961000
971000
971000
230645928772
230646098772
230646108772
230646058772
230646008772
230645978772
230645928772
230645878772
200000
230646078772
230646028772
230645978772
230645934772
230645884772
230645834772
230645784772
230645734772
230645686772
230645636772
230645586772
230645696772
230645646772
230645596772
230645554772
230645504772
230645454772
230645418772
230645388772
230645338772
230645288772
230645238772
230645188772
230645156772
230645106772
230645056772
230645006772
230644956772
230644921772
230644913772
230644867772
230644831772
230644781772
230644766772
230644915772
230644883772
230644833772
230644783772
230644748772
230644698772
230644648772
230644598772
230644548772
230644516772
230644486772
230644438772
230644458772
230644428772
230644378772
230644332772
230644282772
230644232772
230644200772
230644150772
230644102772
230644056772
230644052772
230644002772
230643956772
230643922772
230643872772
230643832772
230643782772
230643732772
230643688772
230643638772
230643614772
230643564772
230643594772
230643548772
230643522772
230643742772
230643692772
230643650772
230643600772
230643550772
230643520772
230643470772
230643420772
230643370772
230643320772
230643308772
230643258772
230643208772
230643172772
230643124772
230643074772
230643024772
230642974772
230642926772
230642876772
230642826772
230642796772
230642821772

350000
105000
135000
595000
669000
701000
705000
1011000
1011000
1011000
1029000
230644188772
230644264772
230644214772
230644164772
230644114772
230644064772
230644031772
230644021772
230643971772
230643921772
230643871772
230643823772
230643773772
230643727772
230643677772
230643627772
230643577772
230643527772
230643483772
230643435772
230643407772
230643381772
230643331772
230643281772
230643301772
230643251772
230643419772
230643369772
230643319772
230643269772
230643237772
230643187772
230643137772
230643087772
230643037772
230642987772
230642969772
230642919772
230642989772
230642941772
230643021772
230642971772
230642921772
230642871772
230642837772
230642787772
230642747772
230642697772
350000
230643747772
230643697772
230643647772
230643603772
230643563772
230643513772
230643469772
230643449772
230643399772
230643407772
230643357772
230643319772
230643269772
230643219772
230643239772
230643191772
230643141772
230643099772
230643067772
230643019772
230642971772
230642921772
230642877772
230645539772
230645489772
230645439772
230645391772
230645345772
230645299772
230645249772
230646464772
230646432772
230646386772
230646348772
230646298772
230646248772
230646198772
230646298772
230646260772
230646210772
230646486772
230646456772
230646406772
230646356772
230646306772
230646256772
230646206772
230646156772
230646106772
230646056772
230646042772
230645992772
230645942772
230645912772
230645862772
230645918772
230645868772
230645818772
230645780772
230645740772
230645996772
230645946772
230645936772
230645886772
230645836772
230645786772
230645736772
230645686772
230645638772
230645588772
230645538772
230645488772
230645438772
230645410772
230645360772
230645310772
230645302772
230645252772
230645502772
230645452772
230645420772
230645396772
230645346772
230645296772
230645246772
230645196772
230645146772
230645098772
230645052772
230645010772
230644964772
230644934772
230644884772
230644834772
230644398772
230644848772
230644800772
230644750772
230644708772
230644658772
230644608772
230644566772
230644520772
230644470772
230644420772
230644376772
230644326772
230644276772
230644276772
230644276772
230644226772
230644242772
230644194772
230644144772
230644094772
230644044772
230643994772
230643944772
230643902772

250000

30000
34000
34000
38000
38000
42000
42000
54000
54000
230644278772
230644228772
230644178772
230644134772
230644084772
230644040772
230644040772
230644040772
230644140772
230644990772
230644792772
230644742772
230644692772
230644662772
230644612772
230644734772
230644684772
230644634772
230644584772
230644534772
230644484772
230644434772
230644384772
230644342772
230644294772
230644244772
230644194772
230644152772
230644102772
230644052772
230644002772
230643952772
230643962772
230643916772
230643866772
230643870772
230643820772
230643770772
230643720772
230643670772
230643749772
230643738772
230643694772
230643644772
230643598772
230643548772
230643506772
230643456772
